Матрица соединений пинов:

         0    1    2    3    4    5    6    7    8    9 

0   : 

1   :    0 

2   :    0    1 

3   :    0    0    0 

4   :    1    0    0    0 

5   :    0    0    0    0    0 

6   :    0    0    0    0    0    1 

7   :    0    0    0    1    0    0    0 

8   :    0    1    1    0    0    0    0    0 

9   :    0    0    0    0    0    1    1    0    0 

Узлы:

0   :    1    2    8 

1   :    5    6    9 

Ветви:

0   :    1    0    4    5 

1   :    8    9 

2   :    2    3    7    6 

Матрица инцидентности:

         0    1 

0   :   -1    1 

1   :   -1    1 

2   :    1   -1 

Контуры:

0   :    1    0 

Система уравнений:

         I0            I1                         J0            E0            

0   :    -1.000        -1.000                     -1.000        -1.000        

1   :    2.000         -8.000                     2.000         -8.000        

Time spent: 0 sec

